RESULTSET_BEGIN
92224 1 0 0
-355359.709518 0.000000 24229.466017
229430.306915 5781.518000 -2454.763962
5781.518000 226184.169856 -7867.670923
-2454.763962 -7867.670923 252281.624866
0.000000 0.000000 0.000000
0.000000 0.000000 0.000000
0.000000 0.000000 0.000000
-0.000000 -0.000000 -0.000000 24.034240
0.000000 0.000000 0.000000 0.000000
-0.000000 -0.000000 -0.000000 24.034240
RESULTSET_END
RESULTSET_BEGIN
92224 1 1 0
-355359.709518 1175488.427169 24229.466017
229430.306915 5781.518000 -2454.763962
5781.518000 226184.169856 -7867.670923
-2454.763962 -7867.670923 252281.624866
5180.320209 277.843994 -1135.838854
277.843994 2960.455480 -681.815832
-1135.838854 -681.815832 4515.107103
-0.000000 -0.000000 -0.000000 24.034240
0.000000 0.000000 -0.000000 0.654402
0.000000 -0.000000 -0.000000 24.079992
RESULTSET_END
RESULTSET_BEGIN
92224 1 1 1
0.000000 820128.717651 24229.466017
0.000000 0.000000 0.000000
0.000000 0.000000 0.000000
0.000000 0.000000 0.000000
234610.627123 6059.361994 -3590.602817
6059.361994 229144.625336 -8549.486755
-3590.602817 -8549.486755 256796.731968
0.000000 0.000000 0.000000 0.000000
0.000000 0.000000 -0.000000 24.079992
0.000000 0.000000 -0.000000 24.079992
RESULTSET_END
RESULTSET_BEGIN
92224 0 0 0
0.000000 0.000000 0.000000
229430.306915 5781.518000 -2454.763962
5781.518000 226184.169856 -7867.670923
-2454.763962 -7867.670923 252281.624866
0.000000 0.000000 0.000000
0.000000 0.000000 0.000000
0.000000 0.000000 0.000000
-0.000000 -0.000000 -0.000000 24.034240
0.000000 0.000000 0.000000 0.000000
-0.000000 -0.000000 -0.000000 24.034240
RESULTSET_END
RESULTSET_BEGIN
92224 0 1 0
0.000000 0.000000 0.000000
229430.306915 5781.518000 -2454.763962
5781.518000 226184.169856 -7867.670923
-2454.763962 -7867.670923 252281.624866
5180.320209 277.843994 -1135.838854
277.843994 2960.455480 -681.815832
-1135.838854 -681.815832 4515.107103
-0.000000 -0.000000 -0.000000 24.034240
0.000000 0.000000 -0.000000 0.654402
0.000000 -0.000000 -0.000000 24.079992
RESULTSET_END
RESULTSET_BEGIN
92224 0 1 1
0.000000 0.000000 0.000000
0.000000 0.000000 0.000000
0.000000 0.000000 0.000000
0.000000 0.000000 0.000000
234610.627123 6059.361994 -3590.602817
6059.361994 229144.625336 -8549.486755
-3590.602817 -8549.486755 256796.731968
0.000000 0.000000 0.000000 0.000000
0.000000 0.000000 -0.000000 24.079992
0.000000 0.000000 -0.000000 24.079992
RESULTSET_END
RESULTSET_BEGIN
92224 1 0 0
-356043.403897 0.000000 35835.728558
271110.145709 -10744.353909 -31676.984219
-10744.353909 274681.401372 15817.310957
-31676.984219 15817.310957 310639.860553
0.000000 0.000000 0.000000
0.000000 0.000000 0.000000
0.000000 0.000000 0.000000
0.000000 -0.000000 -0.000000 28.758885
0.000000 0.000000 0.000000 0.000000
0.000000 -0.000000 -0.000000 28.758885
RESULTSET_END
RESULTSET_BEGIN
92224 1 1 0
-356043.403897 1175425.364260 35835.728558
271110.145709 -10744.353909 -31676.984219
-10744.353909 274681.401372 15817.310957
-31676.984219 15817.310957 310639.860553
5086.481378 72.153342 -1091.652024
72.153342 3030.308189 -681.823454
-1091.652024 -681.823454 4459.342442
0.000000 -0.000000 -0.000000 28.758885
-0.000000 0.000000 0.000000 0.662956
-0.000000 -0.000000 0.000000 28.789936
RESULTSET_END
RESULTSET_BEGIN
92224 1 1 1
0.000000 819381.960364 35835.728558
0.000000 0.000000 0.000000
0.000000 0.000000 0.000000
0.000000 0.000000 0.000000
276196.627087 -10672.200567 -32768.636243
-10672.200567 277711.709561 15135.487503
-32768.636243 15135.487503 315099.202994
0.000000 0.000000 0.000000 0.000000
-0.000000 -0.000000 0.000000 28.789936
-0.000000 -0.000000 0.000000 28.789936
RESULTSET_END
RESULTSET_BEGIN
92224 0 0 0
0.000000 0.000000 0.000000
271110.145709 -10744.353909 -31676.984219
-10744.353909 274681.401372 15817.310957
-31676.984219 15817.310957 310639.860553
0.000000 0.000000 0.000000
0.000000 0.000000 0.000000
0.000000 0.000000 0.000000
0.000000 -0.000000 -0.000000 28.758885
0.000000 0.000000 0.000000 0.000000
0.000000 -0.000000 -0.000000 28.758885
RESULTSET_END
RESULTSET_BEGIN
92224 0 1 0
0.000000 0.000000 0.000000
271110.145709 -10744.353909 -31676.984219
-10744.353909 274681.401372 15817.310957
-31676.984219 15817.310957 310639.860553
5086.481378 72.153342 -1091.652024
72.153342 3030.308189 -681.823454
-1091.652024 -681.823454 4459.342442
0.000000 -0.000000 -0.000000 28.758885
-0.000000 0.000000 0.000000 0.662956
-0.000000 -0.000000 0.000000 28.789936
RESULTSET_END
RESULTSET_BEGIN
92224 0 1 1
0.000000 0.000000 0.000000
0.000000 0.000000 0.000000
0.000000 0.000000 0.000000
0.000000 0.000000 0.000000
276196.627087 -10672.200567 -32768.636243
-10672.200567 277711.709561 15135.487503
-32768.636243 15135.487503 315099.202994
0.000000 0.000000 0.000000 0.000000
-0.000000 -0.000000 0.000000 28.789936
-0.000000 -0.000000 0.000000 28.789936
RESULTSET_END
RESULTSET_BEGIN
92224 1 0 0
-354858.220782 0.000000 51340.758814
364174.325716 -18915.586650 8703.085269
-18915.586650 338594.336363 16126.157762
8703.085269 16126.157762 352236.695182
0.000000 0.000000 0.000000
0.000000 0.000000 0.000000
0.000000 0.000000 0.000000
0.000000 -0.000000 0.000000 38.528918
0.000000 0.000000 0.000000 0.000000
0.000000 -0.000000 0.000000 38.528918
RESULTSET_END
RESULTSET_BEGIN
92224 1 1 0
-354858.220782 1175310.932283 51340.758814
364174.325716 -18915.586650 8703.085269
-18915.586650 338594.336363 16126.157762
8703.085269 16126.157762 352236.695182
5165.948106 326.282902 -1050.341062
326.282902 2885.610603 -731.224400
-1050.341062 -731.224400 4475.385211
0.000000 -0.000000 0.000000 38.528918
-0.000000 0.000000 -0.000000 0.709442
-0.000000 -0.000000 -0.000000 38.544566
RESULTSET_END
RESULTSET_BEGIN
92224 1 1 1
0.000000 820452.711502 51340.758814
0.000000 0.000000 0.000000
0.000000 0.000000 0.000000
0.000000 0.000000 0.000000
369340.273822 -18589.303748 7652.744208
-18589.303748 341479.946967 15394.933362
7652.744208 15394.933362 356712.080393
0.000000 0.000000 0.000000 0.000000
-0.000000 -0.000000 -0.000000 38.544566
-0.000000 -0.000000 -0.000000 38.544566
RESULTSET_END
RESULTSET_BEGIN
92224 0 0 0
0.000000 0.000000 0.000000
364174.325716 -18915.586650 8703.085269
-18915.586650 338594.336363 16126.157762
8703.085269 16126.157762 352236.695182
0.000000 0.000000 0.000000
0.000000 0.000000 0.000000
0.000000 0.000000 0.000000
0.000000 -0.000000 0.000000 38.528918
0.000000 0.000000 0.000000 0.000000
0.000000 -0.000000 0.000000 38.528918
RESULTSET_END
RESULTSET_BEGIN
92224 0 1 0
0.000000 0.000000 0.000000
364174.325716 -18915.586650 8703.085269
-18915.586650 338594.336363 16126.157762
8703.085269 16126.157762 352236.695182
5165.948106 326.282902 -1050.341062
326.282902 2885.610603 -731.224400
-1050.341062 -731.224400 4475.385211
0.000000 -0.000000 0.000000 38.528918
-0.000000 0.000000 -0.000000 0.709442
-0.000000 -0.000000 -0.000000 38.544566
RESULTSET_END
RESULTSET_BEGIN
92224 0 1 1
0.000000 0.000000 0.000000
0.000000 0.000000 0.000000
0.000000 0.000000 0.000000
0.000000 0.000000 0.000000
369340.273822 -18589.303748 7652.744208
-18589.303748 341479.946967 15394.933362
7652.744208 15394.933362 356712.080393
0.000000 0.000000 0.000000 0.000000
-0.000000 -0.000000 -0.000000 38.544566
-0.000000 -0.000000 -0.000000 38.544566
RESULTSET_END
RESULTSET_BEGIN
92224 1 0 0
-353534.714079 0.000000 52067.586082
367307.789337 14222.305600 -13546.890899
14222.305600 337308.014824 16480.370889
-13546.890899 16480.370889 359208.157825
0.000000 0.000000 0.000000
0.000000 0.000000 0.000000
0.000000 0.000000 0.000000
-0.000000 0.000000 -0.000000 54.214348
0.000000 0.000000 0.000000 0.000000
-0.000000 0.000000 -0.000000 54.214348
RESULTSET_END
RESULTSET_BEGIN
92224 1 1 0
-353534.714079 1175300.145877 52067.586082
367307.789337 14222.305600 -13546.890899
14222.305600 337308.014824 16480.370889
-13546.890899 16480.370889 359208.157825
4728.981458 136.138697 -801.661137
136.138697 2790.462916 -429.322483
-801.661137 -429.322483 4200.158306
-0.000000 0.000000 -0.000000 54.214348
0.000000 0.000000 -0.000000 0.723961
0.000000 0.000000 0.000000 54.215910
RESULTSET_END
RESULTSET_BEGIN
92224 1 1 1
0.000000 821765.431798 52067.586082
0.000000 0.000000 0.000000
0.000000 0.000000 0.000000
0.000000 0.000000 0.000000
372036.770795 14358.444297 -14348.552036
14358.444297 340098.477741 16051.048406
-14348.552036 16051.048406 363408.316131
0.000000 0.000000 0.000000 0.000000
0.000000 0.000000 0.000000 54.215910
0.000000 0.000000 0.000000 54.215910
RESULTSET_END
RESULTSET_BEGIN
92224 0 0 0
0.000000 0.000000 0.000000
367307.789337 14222.305600 -13546.890899
14222.305600 337308.014824 16480.370889
-13546.890899 16480.370889 359208.157825
0.000000 0.000000 0.000000
0.000000 0.000000 0.000000
0.000000 0.000000 0.000000
-0.000000 0.000000 -0.000000 54.214348
0.000000 0.000000 0.000000 0.000000
-0.000000 0.000000 -0.000000 54.214348
RESULTSET_END
RESULTSET_BEGIN
92224 0 1 0
0.000000 0.000000 0.000000
367307.789337 14222.305600 -13546.890899
14222.305600 337308.014824 16480.370889
-13546.890899 16480.370889 359208.157825
4728.981458 136.138697 -801.661137
136.138697 2790.462916 -429.322483
-801.661137 -429.322483 4200.158306
-0.000000 0.000000 -0.000000 54.214348
0.000000 0.000000 -0.000000 0.723961
0.000000 0.000000 0.000000 54.215910
RESULTSET_END
RESULTSET_BEGIN
92224 0 1 1
0.000000 0.000000 0.000000
0.000000 0.000000 0.000000
0.000000 0.000000 0.000000
0.000000 0.000000 0.000000
372036.770795 14358.444297 -14348.552036
14358.444297 340098.477741 16051.048406
-14348.552036 16051.048406 363408.316131
0.000000 0.000000 0.000000 0.000000
0.000000 0.000000 0.000000 54.215910
0.000000 0.000000 0.000000 54.215910
RESULTSET_END
RESULTSET_BEGIN
92224 1 0 0
-353022.227504 0.000000 70957.551778
416801.810830 72008.368075 30198.140568
72008.368075 445683.402859 48394.565668
30198.140568 48394.565668 434976.847085
0.000000 0.000000 0.000000
0.000000 0.000000 0.000000
0.000000 0.000000 0.000000
-0.000000 0.000000 0.000000 120.630555
0.000000 0.000000 0.000000 0.000000
-0.000000 0.000000 0.000000 120.630555
RESULTSET_END
RESULTSET_BEGIN
92224 1 1 0
-353022.227504 1175244.886205 70957.551778
416801.810830 72008.368075 30198.140568
72008.368075 445683.402859 48394.565668
30198.140568 48394.565668 434976.847085
5065.989686 241.314886 -1100.743216
241.314886 3230.852872 -401.520138
-1100.743216 -401.520138 4276.551122
-0.000000 0.000000 0.000000 120.630555
0.000000 0.000000 -0.000000 0.738467
0.000000 0.000000 0.000000 120.617567
RESULTSET_END
RESULTSET_BEGIN
92224 1 1 1
0.000000 822222.658701 70957.551778
0.000000 0.000000 0.000000
0.000000 0.000000 0.000000
0.000000 0.000000 0.000000
421867.800516 72249.682961 29097.397352
72249.682961 448914.255731 47993.045530
29097.397352 47993.045530 439253.398206
0.000000 0.000000 0.000000 0.000000
0.000000 0.000000 0.000000 120.617567
0.000000 0.000000 0.000000 120.617567
RESULTSET_END
RESULTSET_BEGIN
92224 0 0 0
0.000000 0.000000 0.000000
416801.810830 72008.368075 30198.140568
72008.368075 445683.402859 48394.565668
30198.140568 48394.565668 434976.847085
0.000000 0.000000 0.000000
0.000000 0.000000 0.000000
0.000000 0.000000 0.000000
-0.000000 0.000000 0.000000 120.630555
0.000000 0.000000 0.000000 0.000000
-0.000000 0.000000 0.000000 120.630555
RESULTSET_END
RESULTSET_BEGIN
92224 0 1 0
0.000000 0.000000 0.000000
416801.810830 72008.368075 30198.140568
72008.368075 445683.402859 48394.565668
30198.140568 48394.565668 434976.847085
5065.989686 241.314886 -1100.743216
241.314886 3230.852872 -401.520138
-1100.743216 -401.520138 4276.551122
-0.000000 0.000000 0.000000 120.630555
0.000000 0.000000 -0.000000 0.738467
0.000000 0.000000 0.000000 120.617567
RESULTSET_END
RESULTSET_BEGIN
92224 0 1 1
0.000000 0.000000 0.000000
0.000000 0.000000 0.000000
0.000000 0.000000 0.000000
0.000000 0.000000 0.000000
421867.800516 72249.682961 29097.397352
72249.682961 448914.255731 47993.045530
29097.397352 47993.045530 439253.398206
0.000000 0.000000 0.000000 0.000000
0.000000 0.000000 0.000000 120.617567
0.000000 0.000000 0.000000 120.617567
RESULTSET_END
RESULTSET_BEGIN
92224 1 0 0
-353977.065278 0.000000 80776.324822
454440.701920 42135.857873 45823.737411
42135.857873 465648.352273 21896.463688
45823.737411 21896.463688 503344.458157
0.000000 0.000000 0.000000
0.000000 0.000000 0.000000
0.000000 0.000000 0.000000
0.000000 -0.000000 -0.000000 117.992956
0.000000 0.000000 0.000000 0.000000
0.000000 -0.000000 -0.000000 117.992956
RESULTSET_END
RESULTSET_BEGIN
92224 1 1 0
-353977.065278 1175230.089475 80776.324822
454440.701920 42135.857873 45823.737411
42135.857873 465648.352273 21896.463688
45823.737411 21896.463688 503344.458157
5162.750738 318.512120 -1061.026233
318.512120 2911.366554 -503.864255
-1061.026233 -503.864255 4468.559607
0.000000 -0.000000 -0.000000 117.992956
0.000000 0.000000 0.000000 0.734259
0.000000 0.000000 0.000000 117.979888
RESULTSET_END
RESULTSET_BEGIN
92224 1 1 1
0.000000 821253.024197 80776.324822
0.000000 0.000000 0.000000
0.000000 0.000000 0.000000
0.000000 0.000000 0.000000
459603.452658 42454.369993 44762.711178
42454.369993 468559.718828 21392.599433
44762.711178 21392.599433 507813.017764
0.000000 0.000000 0.000000 0.000000
0.000000 0.000000 0.000000 117.979888
0.000000 0.000000 0.000000 117.979888
RESULTSET_END
RESULTSET_BEGIN
92224 0 0 0
0.000000 0.000000 0.000000
454440.701920 42135.857873 45823.737411
42135.857873 465648.352273 21896.463688
45823.737411 21896.463688 503344.458157
0.000000 0.000000 0.000000
0.000000 0.000000 0.000000
0.000000 0.000000 0.000000
0.000000 -0.000000 -0.000000 117.992956
0.000000 0.000000 0.000000 0.000000
0.000000 -0.000000 -0.000000 117.992956
RESULTSET_END
RESULTSET_BEGIN
92224 0 1 0
0.000000 0.000000 0.000000
454440.701920 42135.857873 45823.737411
42135.857873 465648.352273 21896.463688
45823.737411 21896.463688 503344.458157
5162.750738 318.512120 -1061.026233
318.512120 2911.366554 -503.864255
-1061.026233 -503.864255 4468.559607
0.000000 -0.000000 -0.000000 117.992956
0.000000 0.000000 0.000000 0.734259
0.000000 0.000000 0.000000 117.979888
RESULTSET_END
RESULTSET_BEGIN
92224 0 1 1
0.000000 0.000000 0.000000
0.000000 0.000000 0.000000
0.000000 0.000000 0.000000
0.000000 0.000000 0.000000
459603.452658 42454.369993 44762.711178
42454.369993 468559.718828 21392.599433
44762.711178 21392.599433 507813.017764
0.000000 0.000000 0.000000 0.000000
0.000000 0.000000 0.000000 117.979888
0.000000 0.000000 0.000000 117.979888
RESULTSET_END
RESULTSET_BEGIN
92224 1 0 0
-354443.075393 0.000000 67884.550663
424256.901486 21250.344991 -4151.988729
21250.344991 398151.191564 -3226.877144
-4151.988729 -3226.877144 442054.502815
0.000000 0.000000 0.000000
0.000000 0.000000 0.000000
0.000000 0.000000 0.000000
0.000000 0.000000 -0.000000 65.396042
0.000000 0.000000 0.000000 0.000000
0.000000 0.000000 -0.000000 65.396042
RESULTSET_END
RESULTSET_BEGIN
92224 1 1 0
-354443.075393 1175264.419268 67884.550663
424256.901486 21250.344991 -4151.988729
21250.344991 398151.191564 -3226.877144
-4151.988729 -3226.877144 442054.502815
4981.079968 81.335815 -963.995746
81.335815 2751.951504 -406.770404
-963.995746 -406.770404 4290.799235
0.000000 0.000000 -0.000000 65.396042
0.000000 0.000000 0.000000 0.716836
-0.000000 0.000000 -0.000000 65.396110
RESULTSET_END
RESULTSET_BEGIN
92224 1 1 1
0.000000 820821.343875 67884.550663
0.000000 0.000000 0.000000
0.000000 0.000000 0.000000
0.000000 0.000000 0.000000
429237.981454 21331.680806 -5115.984474
21331.680806 400903.143068 -3633.647548
-5115.984474 -3633.647548 446345.302050
0.000000 0.000000 0.000000 0.000000
-0.000000 0.000000 0.000000 65.396110
-0.000000 0.000000 0.000000 65.396110
RESULTSET_END
RESULTSET_BEGIN
92224 0 0 0
0.000000 0.000000 0.000000
424256.901486 21250.344991 -4151.988729
21250.344991 398151.191564 -3226.877144
-4151.988729 -3226.877144 442054.502815
0.000000 0.000000 0.000000
0.000000 0.000000 0.000000
0.000000 0.000000 0.000000
0.000000 0.000000 -0.000000 65.396042
0.000000 0.000000 0.000000 0.000000
0.000000 0.000000 -0.000000 65.396042
RESULTSET_END
RESULTSET_BEGIN
92224 0 1 0
0.000000 0.000000 0.000000
424256.901486 21250.344991 -4151.988729
21250.344991 398151.191564 -3226.877144
-4151.988729 -3226.877144 442054.502815
4981.079968 81.335815 -963.995746
81.335815 2751.951504 -406.770404
-963.995746 -406.770404 4290.799235
0.000000 0.000000 -0.000000 65.396042
0.000000 0.000000 0.000000 0.716836
-0.000000 0.000000 -0.000000 65.396110
RESULTSET_END
RESULTSET_BEGIN
92224 0 1 1
0.000000 0.000000 0.000000
0.000000 0.000000 0.000000
0.000000 0.000000 0.000000
0.000000 0.000000 0.000000
429237.981454 21331.680806 -5115.984474
21331.680806 400903.143068 -3633.647548
-5115.984474 -3633.647548 446345.302050
0.000000 0.000000 0.000000 0.000000
-0.000000 0.000000 0.000000 65.396110
-0.000000 0.000000 0.000000 65.396110
RESULTSET_END
RESULTSET_BEGIN
92224 1 0 0
-356202.466926 0.000000 60759.097355
373480.289144 670.683653 -30929.486122
670.683653 355159.705095 -32389.982034
-30929.486122 -32389.982034 448926.444430
0.000000 0.000000 0.000000
0.000000 0.000000 0.000000
0.000000 0.000000 0.000000
0.000000 0.000000 -0.000000 43.131715
0.000000 0.000000 0.000000 0.000000
0.000000 0.000000 -0.000000 43.131715
RESULTSET_END
RESULTSET_BEGIN
92224 1 1 0
-356202.466926 1175297.677740 60759.097355
373480.289144 670.683653 -30929.486122
670.683653 355159.705095 -32389.982034
-30929.486122 -32389.982034 448926.444430
4855.696725 74.645930 -856.484066
74.645930 2912.408939 -372.869606
-856.484066 -372.869606 4281.391740
0.000000 0.000000 -0.000000 43.131715
-0.000000 -0.000000 -0.000000 0.713705
-0.000000 -0.000000 -0.000000 43.141853
RESULTSET_END
RESULTSET_BEGIN
92224 1 1 1
0.000000 819095.210814 60759.097355
0.000000 0.000000 0.000000
0.000000 0.000000 0.000000
0.000000 0.000000 0.000000
378335.985869 745.329584 -31785.970189
745.329584 358072.114034 -32762.851641
-31785.970189 -32762.851641 453207.836170
0.000000 0.000000 0.000000 0.000000
-0.000000 -0.000000 -0.000000 43.141853
-0.000000 -0.000000 -0.000000 43.141853
RESULTSET_END
RESULTSET_BEGIN
92224 0 0 0
0.000000 0.000000 0.000000
373480.289144 670.683653 -30929.486122
670.683653 355159.705095 -32389.982034
-30929.486122 -32389.982034 448926.444430
0.000000 0.000000 0.000000
0.000000 0.000000 0.000000
0.000000 0.000000 0.000000
0.000000 0.000000 -0.000000 43.131715
0.000000 0.000000 0.000000 0.000000
0.000000 0.000000 -0.000000 43.131715
RESULTSET_END
RESULTSET_BEGIN
92224 0 1 0
0.000000 0.000000 0.000000
373480.289144 670.683653 -30929.486122
670.683653 355159.705095 -32389.982034
-30929.486122 -32389.982034 448926.444430
4855.696725 74.645930 -856.484066
74.645930 2912.408939 -372.869606
-856.484066 -372.869606 4281.391740
0.000000 0.000000 -0.000000 43.131715
-0.000000 -0.000000 -0.000000 0.713705
-0.000000 -0.000000 -0.000000 43.141853
RESULTSET_END
RESULTSET_BEGIN
92224 0 1 1
0.000000 0.000000 0.000000
0.000000 0.000000 0.000000
0.000000 0.000000 0.000000
0.000000 0.000000 0.000000
378335.985869 745.329584 -31785.970189
745.329584 358072.114034 -32762.851641
-31785.970189 -32762.851641 453207.836170
0.000000 0.000000 0.000000 0.000000
-0.000000 -0.000000 -0.000000 43.141853
-0.000000 -0.000000 -0.000000 43.141853
RESULTSET_END
RESULTSET_BEGIN
92224 1 0 0
-357411.254203 0.000000 115812.908078
647977.923920 4131.130672 161348.183798
4131.130672 468649.223332 -46747.727170
161348.183798 -46747.727170 738980.583285
0.000000 0.000000 0.000000
0.000000 0.000000 0.000000
0.000000 0.000000 0.000000
0.000000 -0.000000 0.000000 304.269251
0.000000 0.000000 0.000000 0.000000
0.000000 -0.000000 0.000000 304.269251
RESULTSET_END
RESULTSET_BEGIN
92224 1 1 0
-357411.254203 1175273.947772 115812.908078
647977.923920 4131.130672 161348.183798
4131.130672 468649.223332 -46747.727170
161348.183798 -46747.727170 738980.583285
4590.090775 155.325989 -834.689975
155.325989 3004.145541 -515.729976
-834.689975 -515.729976 4485.079977
0.000000 -0.000000 0.000000 304.269251
0.000000 0.000000 -0.000000 0.715867
-0.000000 -0.000000 -0.000000 304.265229
RESULTSET_END
RESULTSET_BEGIN
92224 1 1 1
0.000000 817862.693569 115812.908078
0.000000 0.000000 0.000000
0.000000 0.000000 0.000000
0.000000 0.000000 0.000000
652568.014695 4286.456661 160513.493823
4286.456661 471653.368874 -47263.457146
160513.493823 -47263.457146 743465.663262
0.000000 0.000000 0.000000 0.000000
-0.000000 -0.000000 -0.000000 304.265229
-0.000000 -0.000000 -0.000000 304.265229
RESULTSET_END
RESULTSET_BEGIN
92224 0 0 0
0.000000 0.000000 0.000000
647977.923920 4131.130672 161348.183798
4131.130672 468649.223332 -46747.727170
161348.183798 -46747.727170 738980.583285
0.000000 0.000000 0.000000
0.000000 0.000000 0.000000
0.000000 0.000000 0.000000
0.000000 -0.000000 0.000000 304.269251
0.000000 0.000000 0.000000 0.000000
0.000000 -0.000000 0.000000 304.269251
RESULTSET_END
RESULTSET_BEGIN
92224 0 1 0
0.000000 0.000000 0.000000
647977.923920 4131.130672 161348.183798
4131.130672 468649.223332 -46747.727170
161348.183798 -46747.727170 738980.583285
4590.090775 155.325989 -834.689975
155.325989 3004.145541 -515.729976
-834.689975 -515.729976 4485.079977
0.000000 -0.000000 0.000000 304.269251
0.000000 0.000000 -0.000000 0.715867
-0.000000 -0.000000 -0.000000 304.265229
RESULTSET_END
RESULTSET_BEGIN
92224 0 1 1
0.000000 0.000000 0.000000
0.000000 0.000000 0.000000
0.000000 0.000000 0.000000
0.000000 0.000000 0.000000
652568.014695 4286.456661 160513.493823
4286.456661 471653.368874 -47263.457146
160513.493823 -47263.457146 743465.663262
0.000000 0.000000 0.000000 0.000000
-0.000000 -0.000000 -0.000000 304.265229
-0.000000 -0.000000 -0.000000 304.265229
RESULTSET_END
RESULTSET_BEGIN
92224 1 0 0
-357336.054371 0.000000 98080.885941
551232.549442 14352.364869 38160.856910
14352.364869 481894.764900 -21395.276035
38160.856910 -21395.276035 610083.407773
0.000000 0.000000 0.000000
0.000000 0.000000 0.000000
0.000000 0.000000 0.000000
-0.000000 0.000000 0.000000 380.699562
0.000000 0.000000 0.000000 0.000000
-0.000000 0.000000 0.000000 380.699562
RESULTSET_END
RESULTSET_BEGIN
92224 1 1 0
-357336.054371 1175233.313004 98080.885941
551232.549442 14352.364869 38160.856910
14352.364869 481894.764900 -21395.276035
38160.856910 -21395.276035 610083.407773
4894.011569 177.951279 -1003.025056
177.951279 2789.446772 -317.129901
-1003.025056 -317.129901 4623.924676
-0.000000 0.000000 0.000000 380.699562
0.000000 -0.000000 -0.000000 0.724551
-0.000000 0.000000 0.000000 380.701372
RESULTSET_END
RESULTSET_BEGIN
92224 1 1 1
0.000000 817897.258633 98080.885941
0.000000 0.000000 0.000000
0.000000 0.000000 0.000000
0.000000 0.000000 0.000000
556126.561011 14530.316148 37157.831854
14530.316148 484684.211672 -21712.405936
37157.831854 -21712.405936 614707.332449
0.000000 0.000000 0.000000 0.000000
-0.000000 0.000000 0.000000 380.701372
-0.000000 0.000000 0.000000 380.701372
RESULTSET_END
RESULTSET_BEGIN
92224 0 0 0
0.000000 0.000000 0.000000
551232.549442 14352.364869 38160.856910
14352.364869 481894.764900 -21395.276035
38160.856910 -21395.276035 610083.407773
0.000000 0.000000 0.000000
0.000000 0.000000 0.000000
0.000000 0.000000 0.000000
-0.000000 0.000000 0.000000 380.699562
0.000000 0.000000 0.000000 0.000000
-0.000000 0.000000 0.000000 380.699562
RESULTSET_END
RESULTSET_BEGIN
92224 0 1 0
0.000000 0.000000 0.000000
551232.549442 14352.364869 38160.856910
14352.364869 481894.764900 -21395.276035
38160.856910 -21395.276035 610083.407773
4894.011569 177.951279 -1003.025056
177.951279 2789.446772 -317.129901
-1003.025056 -317.129901 4623.924676
-0.000000 0.000000 0.000000 380.699562
0.000000 -0.000000 -0.000000 0.724551
-0.000000 0.000000 0.000000 380.701372
RESULTSET_END
RESULTSET_BEGIN
92224 0 1 1
0.000000 0.000000 0.000000
0.000000 0.000000 0.000000
0.000000 0.000000 0.000000
0.000000 0.000000 0.000000
556126.561011 14530.316148 37157.831854
14530.316148 484684.211672 -21712.405936
37157.831854 -21712.405936 614707.332449
0.000000 0.000000 0.000000 0.000000
-0.000000 0.000000 0.000000 380.701372
-0.000000 0.000000 0.000000 380.701372
RESULTSET_END
RESULTSET_BEGIN
92224 1 0 0
-355221.827608 0.000000 86787.823438
513085.040663 -9974.354452 42238.729083
-9974.354452 441345.280261 -26042.309226
42238.729083 -26042.309226 545745.977793
0.000000 0.000000 0.000000
0.000000 0.000000 0.000000
0.000000 0.000000 0.000000
-0.000000 -0.000000 0.000000 425.338179
0.000000 0.000000 0.000000 0.000000
-0.000000 -0.000000 0.000000 425.338179
RESULTSET_END
RESULTSET_BEGIN
92224 1 1 0
-355221.827608 1175260.501894 86787.823438
513085.040663 -9974.354452 42238.729083
-9974.354452 441345.280261 -26042.309226
42238.729083 -26042.309226 545745.977793
5046.503387 152.842725 -882.532508
152.842725 2913.868875 -359.425796
-882.532508 -359.425796 4468.018185
-0.000000 -0.000000 0.000000 425.338179
-0.000000 0.000000 -0.000000 0.730699
0.000000 -0.000000 0.000000 425.336083
RESULTSET_END
RESULTSET_BEGIN
92224 1 1 1
0.000000 820038.674285 86787.823438
0.000000 0.000000 0.000000
0.000000 0.000000 0.000000
0.000000 0.000000 0.000000
518131.544050 -9821.511728 41356.196575
-9821.511728 444259.149135 -26401.735022
41356.196575 -26401.735022 550213.995978
0.000000 0.000000 0.000000 0.000000
0.000000 -0.000000 0.000000 425.336083
0.000000 -0.000000 0.000000 425.336083
RESULTSET_END
RESULTSET_BEGIN
92224 0 0 0
0.000000 0.000000 0.000000
513085.040663 -9974.354452 42238.729083
-9974.354452 441345.280261 -26042.309226
42238.729083 -26042.309226 545745.977793
0.000000 0.000000 0.000000
0.000000 0.000000 0.000000
0.000000 0.000000 0.000000
-0.000000 -0.000000 0.000000 425.338179
0.000000 0.000000 0.000000 0.000000
-0.000000 -0.000000 0.000000 425.338179
RESULTSET_END
RESULTSET_BEGIN
92224 0 1 0
0.000000 0.000000 0.000000
513085.040663 -9974.354452 42238.729083
-9974.354452 441345.280261 -26042.309226
42238.729083 -26042.309226 545745.977793
5046.503387 152.842725 -882.532508
152.842725 2913.868875 -359.425796
-882.532508 -359.425796 4468.018185
-0.000000 -0.000000 0.000000 425.338179
-0.000000 0.000000 -0.000000 0.730699
0.000000 -0.000000 0.000000 425.336083
RESULTSET_END
RESULTSET_BEGIN
92224 0 1 1
0.000000 0.000000 0.000000
0.000000 0.000000 0.000000
0.000000 0.000000 0.000000
0.000000 0.000000 0.000000
518131.544050 -9821.511728 41356.196575
-9821.511728 444259.149135 -26401.735022
41356.196575 -26401.735022 550213.995978
0.000000 0.000000 0.000000 0.000000
0.000000 -0.000000 0.000000 425.336083
0.000000 -0.000000 0.000000 425.336083
RESULTSET_END
RESULTSET_BEGIN
92224 1 0 0
-353536.642038 0.000000 81889.414686
489345.082654 -39259.169101 7473.988437
-39259.169101 466911.131797 -8510.078873
7473.988437 -8510.078873 484351.644054
0.000000 0.000000 0.000000
0.000000 0.000000 0.000000
0.000000 0.000000 0.000000
-0.000000 0.000000 0.000000 107.477319
0.000000 0.000000 0.000000 0.000000
-0.000000 0.000000 0.000000 107.477319
RESULTSET_END
RESULTSET_BEGIN
92224 1 1 0
-353536.642038 1175243.881171 81889.414686
489345.082654 -39259.169101 7473.988437
-39259.169101 466911.131797 -8510.078873
7473.988437 -8510.078873 484351.644054
4810.094726 403.409887 -918.458923
403.409887 2862.473184 -661.246411
-918.458923 -661.246411 4521.979899
-0.000000 0.000000 0.000000 107.477319
-0.000000 -0.000000 0.000000 0.730593
-0.000000 -0.000000 -0.000000 107.470926
RESULTSET_END
RESULTSET_BEGIN
92224 1 1 1
0.000000 821707.239132 81889.414686
0.000000 0.000000 0.000000
0.000000 0.000000 0.000000
0.000000 0.000000 0.000000
494155.177380 -38855.759214 6555.529514
-38855.759214 469773.604981 -9171.325284
6555.529514 -9171.325284 488873.623953
0.000000 0.000000 0.000000 0.000000
-0.000000 -0.000000 -0.000000 107.470926
-0.000000 -0.000000 -0.000000 107.470926
RESULTSET_END
RESULTSET_BEGIN
92224 0 0 0
0.000000 0.000000 0.000000
489345.082654 -39259.169101 7473.988437
-39259.169101 466911.131797 -8510.078873
7473.988437 -8510.078873 484351.644054
0.000000 0.000000 0.000000
0.000000 0.000000 0.000000
0.000000 0.000000 0.000000
-0.000000 0.000000 0.000000 107.477319
0.000000 0.000000 0.000000 0.000000
-0.000000 0.000000 0.000000 107.477319
RESULTSET_END
RESULTSET_BEGIN
92224 0 1 0
0.000000 0.000000 0.000000
489345.082654 -39259.169101 7473.988437
-39259.169101 466911.131797 -8510.078873
7473.988437 -8510.078873 484351.644054
4810.094726 403.409887 -918.458923
403.409887 2862.473184 -661.246411
-918.458923 -661.246411 4521.979899
-0.000000 0.000000 0.000000 107.477319
-0.000000 -0.000000 0.000000 0.730593
-0.000000 -0.000000 -0.000000 107.470926
RESULTSET_END
RESULTSET_BEGIN
92224 0 1 1
0.000000 0.000000 0.000000
0.000000 0.000000 0.000000
0.000000 0.000000 0.000000
0.000000 0.000000 0.000000
494155.177380 -38855.759214 6555.529514
-38855.759214 469773.604981 -9171.325284
6555.529514 -9171.325284 488873.623953
0.000000 0.000000 0.000000 0.000000
-0.000000 -0.000000 -0.000000 107.470926
-0.000000 -0.000000 -0.000000 107.470926
RESULTSET_END
RESULTSET_BEGIN
92224 1 0 0
-353560.653460 0.000000 86010.909726
513461.729310 -22717.681915 12583.919586
-22717.681915 496025.045855 -19272.185537
12583.919586 -19272.185537 480959.586013
0.000000 0.000000 0.000000
0.000000 0.000000 0.000000
0.000000 0.000000 0.000000
-0.000000 0.000000 -0.000000 96.572162
0.000000 0.000000 0.000000 0.000000
-0.000000 0.000000 -0.000000 96.572162
RESULTSET_END
RESULTSET_BEGIN
92224 1 1 0
-353560.653460 1175233.242450 86010.909726
513461.729310 -22717.681915 12583.919586
-22717.681915 496025.045855 -19272.185537
12583.919586 -19272.185537 480959.586013
4991.448387 134.135774 -1031.972399
134.135774 2980.871295 -484.284474
-1031.972399 -484.284474 4457.015483
-0.000000 0.000000 -0.000000 96.572162
0.000000 -0.000000 0.000000 0.733797
-0.000000 0.000000 0.000000 96.563864
RESULTSET_END
RESULTSET_BEGIN
92224 1 1 1
0.000000 821672.588990 86010.909726
0.000000 0.000000 0.000000
0.000000 0.000000 0.000000
0.000000 0.000000 0.000000
518453.177697 -22583.546141 11551.947187
-22583.546141 499005.917150 -19756.470011
11551.947187 -19756.470011 485416.601497
0.000000 0.000000 0.000000 0.000000
-0.000000 0.000000 0.000000 96.563864
-0.000000 0.000000 0.000000 96.563864
RESULTSET_END
RESULTSET_BEGIN
92224 0 0 0
0.000000 0.000000 0.000000
513461.729310 -22717.681915 12583.919586
-22717.681915 496025.045855 -19272.185537
12583.919586 -19272.185537 480959.586013
0.000000 0.000000 0.000000
0.000000 0.000000 0.000000
0.000000 0.000000 0.000000
-0.000000 0.000000 -0.000000 96.572162
0.000000 0.000000 0.000000 0.000000
-0.000000 0.000000 -0.000000 96.572162
RESULTSET_END
RESULTSET_BEGIN
92224 0 1 0
0.000000 0.000000 0.000000
513461.729310 -22717.681915 12583.919586
-22717.681915 496025.045855 -19272.185537
12583.919586 -19272.185537 480959.586013
4991.448387 134.135774 -1031.972399
134.135774 2980.871295 -484.284474
-1031.972399 -484.284474 4457.015483
-0.000000 0.000000 -0.000000 96.572162
0.000000 -0.000000 0.000000 0.733797
-0.000000 0.000000 0.000000 96.563864
RESULTSET_END
RESULTSET_BEGIN
92224 0 1 1
0.000000 0.000000 0.000000
0.000000 0.000000 0.000000
0.000000 0.000000 0.000000
0.000000 0.000000 0.000000
518453.177697 -22583.546141 11551.947187
-22583.546141 499005.917150 -19756.470011
11551.947187 -19756.470011 485416.601497
0.000000 0.000000 0.000000 0.000000
-0.000000 0.000000 0.000000 96.563864
-0.000000 0.000000 0.000000 96.563864
RESULTSET_END
RESULTSET_BEGIN
92224 1 0 0
-354141.758837 0.000000 80820.599258
492119.409568 -9176.686103 3983.652402
-9176.686103 452802.812835 -4760.240054
3983.652402 -4760.240054 483133.425841
0.000000 0.000000 0.000000
0.000000 0.000000 0.000000
0.000000 0.000000 0.000000
0.000000 0.000000 -0.000000 98.274267
0.000000 0.000000 0.000000 0.000000
0.000000 0.000000 -0.000000 98.274267
RESULTSET_END
RESULTSET_BEGIN
92224 1 1 0
-354141.758837 1175210.513614 80820.599258
492119.409568 -9176.686103 3983.652402
-9176.686103 452802.812835 -4760.240054
3983.652402 -4760.240054 483133.425841
4619.220950 220.042151 -927.171656
220.042151 2681.229940 -493.633982
-927.171656 -493.633982 4166.064410
0.000000 0.000000 -0.000000 98.274267
0.000000 0.000000 0.000000 0.732786
0.000000 0.000000 0.000000 98.267085
RESULTSET_END
RESULTSET_BEGIN
92224 1 1 1
0.000000 821068.754777 80820.599258
0.000000 0.000000 0.000000
0.000000 0.000000 0.000000
0.000000 0.000000 0.000000
496738.630517 -8956.643952 3056.480746
-8956.643952 455484.042775 -5253.874035
3056.480746 -5253.874035 487299.490251
0.000000 0.000000 0.000000 0.000000
-0.000000 0.000000 0.000000 98.267085
-0.000000 0.000000 0.000000 98.267085
RESULTSET_END
RESULTSET_BEGIN
92224 0 0 0
0.000000 0.000000 0.000000
492119.409568 -9176.686103 3983.652402
-9176.686103 452802.812835 -4760.240054
3983.652402 -4760.240054 483133.425841
0.000000 0.000000 0.000000
0.000000 0.000000 0.000000
0.000000 0.000000 0.000000
0.000000 0.000000 -0.000000 98.274267
0.000000 0.000000 0.000000 0.000000
0.000000 0.000000 -0.000000 98.274267
RESULTSET_END
RESULTSET_BEGIN
92224 0 1 0
0.000000 0.000000 0.000000
492119.409568 -9176.686103 3983.652402
-9176.686103 452802.812835 -4760.240054
3983.652402 -4760.240054 483133.425841
4619.220950 220.042151 -927.171656
220.042151 2681.229940 -493.633982
-927.171656 -493.633982 4166.064410
0.000000 0.000000 -0.000000 98.274267
0.000000 0.000000 0.000000 0.732786
0.000000 0.000000 0.000000 98.267085
RESULTSET_END
RESULTSET_BEGIN
92224 0 1 1
0.000000 0.000000 0.000000
0.000000 0.000000 0.000000
0.000000 0.000000 0.000000
0.000000 0.000000 0.000000
496738.630517 -8956.643952 3056.480746
-8956.643952 455484.042775 -5253.874035
3056.480746 -5253.874035 487299.490251
0.000000 0.000000 0.000000 0.000000
-0.000000 0.000000 0.000000 98.267085
-0.000000 0.000000 0.000000 98.267085
RESULTSET_END
RESULTSET_BEGIN
92224 1 0 0
-353849.803033 0.000000 80714.669022
483680.520879 -13774.713242 -422.397444
-13774.713242 451347.716171 -6688.934138
-422.397444 -6688.934138 489634.478041
0.000000 0.000000 0.000000
0.000000 0.000000 0.000000
0.000000 0.000000 0.000000
-0.000000 0.000000 -0.000000 73.719089
0.000000 0.000000 0.000000 0.000000
-0.000000 0.000000 -0.000000 73.719089
RESULTSET_END
RESULTSET_BEGIN
92224 1 1 0
-353849.803033 1175232.280675 80714.669022
483680.520879 -13774.713242 -422.397444
-13774.713242 451347.716171 -6688.934138
-422.397444 -6688.934138 489634.478041
5203.310692 138.102925 -887.520688
138.102925 2850.815523 -446.490606
-887.520688 -446.490606 4334.910213
-0.000000 0.000000 -0.000000 73.719089
0.000000 0.000000 -0.000000 0.721644
-0.000000 0.000000 0.000000 73.712866
RESULTSET_END
RESULTSET_BEGIN
92224 1 1 1
0.000000 821382.477642 80714.669022
0.000000 0.000000 0.000000
0.000000 0.000000 0.000000
0.000000 0.000000 0.000000
488883.831572 -13636.610317 -1309.918132
-13636.610317 454198.531694 -7135.424744
-1309.918132 -7135.424744 493969.388254
0.000000 0.000000 0.000000 0.000000
-0.000000 0.000000 0.000000 73.712866
-0.000000 0.000000 0.000000 73.712866
RESULTSET_END
RESULTSET_BEGIN
92224 0 0 0
0.000000 0.000000 0.000000
483680.520879 -13774.713242 -422.397444
-13774.713242 451347.716171 -6688.934138
-422.397444 -6688.934138 489634.478041
0.000000 0.000000 0.000000
0.000000 0.000000 0.000000
0.000000 0.000000 0.000000
-0.000000 0.000000 -0.000000 73.719089
0.000000 0.000000 0.000000 0.000000
-0.000000 0.000000 -0.000000 73.719089
RESULTSET_END
RESULTSET_BEGIN
92224 0 1 0
0.000000 0.000000 0.000000
483680.520879 -13774.713242 -422.397444
-13774.713242 451347.716171 -6688.934138
-422.397444 -6688.934138 489634.478041
5203.310692 138.102925 -887.520688
138.102925 2850.815523 -446.490606
-887.520688 -446.490606 4334.910213
-0.000000 0.000000 -0.000000 73.719089
0.000000 0.000000 -0.000000 0.721644
-0.000000 0.000000 0.000000 73.712866
RESULTSET_END
RESULTSET_BEGIN
92224 0 1 1
0.000000 0.000000 0.000000
0.000000 0.000000 0.000000
0.000000 0.000000 0.000000
0.000000 0.000000 0.000000
488883.831572 -13636.610317 -1309.918132
-13636.610317 454198.531694 -7135.424744
-1309.918132 -7135.424744 493969.388254
0.000000 0.000000 0.000000 0.000000
-0.000000 0.000000 0.000000 73.712866
-0.000000 0.000000 0.000000 73.712866
RESULTSET_END
RESULTSET_BEGIN
92224 1 0 0
-354134.373996 0.000000 81438.103151
472890.414865 -3474.358219 -12187.428696
-3474.358219 463801.068203 863.665467
-12187.428696 863.665467 496791.075523
0.000000 0.000000 0.000000
0.000000 0.000000 0.000000
0.000000 0.000000 0.000000
0.000000 -0.000000 -0.000000 72.157147
0.000000 0.000000 0.000000 0.000000
0.000000 -0.000000 -0.000000 72.157147
RESULTSET_END
RESULTSET_BEGIN
92224 1 1 0
-354134.373996 1175242.539469 81438.103151
472890.414865 -3474.358219 -12187.428696
-3474.358219 463801.068203 863.665467
-12187.428696 863.665467 496791.075523
4753.238218 185.467818 -872.633882
185.467818 2942.539170 -461.181612
-872.633882 -461.181612 4173.296880
0.000000 -0.000000 -0.000000 72.157147
0.000000 0.000000 0.000000 0.718228
0.000000 0.000000 0.000000 72.153370
RESULTSET_END
RESULTSET_BEGIN
92224 1 1 1
0.000000 821108.165473 81438.103151
0.000000 0.000000 0.000000
0.000000 0.000000 0.000000
0.000000 0.000000 0.000000
477643.653083 -3288.890401 -13060.062578
-3288.890401 466743.607373 402.483855
-13060.062578 402.483855 500964.372403
0.000000 0.000000 0.000000 0.000000
0.000000 0.000000 0.000000 72.153370
0.000000 0.000000 0.000000 72.153370
RESULTSET_END
RESULTSET_BEGIN
92224 0 0 0
0.000000 0.000000 0.000000
472890.414865 -3474.358219 -12187.428696
-3474.358219 463801.068203 863.665467
-12187.428696 863.665467 496791.075523
0.000000 0.000000 0.000000
0.000000 0.000000 0.000000
0.000000 0.000000 0.000000
0.000000 -0.000000 -0.000000 72.157147
0.000000 0.000000 0.000000 0.000000
0.000000 -0.000000 -0.000000 72.157147
RESULTSET_END
RESULTSET_BEGIN
92224 0 1 0
0.000000 0.000000 0.000000
472890.414865 -3474.358219 -12187.428696
-3474.358219 463801.068203 863.665467
-12187.428696 863.665467 496791.075523
4753.238218 185.467818 -872.633882
185.467818 2942.539170 -461.181612
-872.633882 -461.181612 4173.296880
0.000000 -0.000000 -0.000000 72.157147
0.000000 0.000000 0.000000 0.718228
0.000000 0.000000 0.000000 72.153370
RESULTSET_END
RESULTSET_BEGIN
92224 0 1 1
0.000000 0.000000 0.000000
0.000000 0.000000 0.000000
0.000000 0.000000 0.000000
0.000000 0.000000 0.000000
477643.653083 -3288.890401 -13060.062578
-3288.890401 466743.607373 402.483855
-13060.062578 402.483855 500964.372403
0.000000 0.000000 0.000000 0.000000
0.000000 0.000000 0.000000 72.153370
0.000000 0.000000 0.000000 72.153370
RESULTSET_END
RESULTSET_BEGIN
92224 1 0 0
-354366.313573 0.000000 81016.206531
481236.696125 18740.953685 18995.588966
18740.953685 458135.700009 3127.434990
18995.588966 3127.434990 488451.223224
0.000000 0.000000 0.000000
0.000000 0.000000 0.000000
0.000000 0.000000 0.000000
0.000000 0.000000 0.000000 82.685056
0.000000 0.000000 0.000000 0.000000
0.000000 0.000000 0.000000 82.685056
RESULTSET_END
RESULTSET_BEGIN
92224 1 1 0
-354366.313573 1175273.755547 81016.206531
481236.696125 18740.953685 18995.588966
18740.953685 458135.700009 3127.434990
18995.588966 3127.434990 488451.223224
5018.224538 175.570804 -734.897319
175.570804 3037.621123 -277.413395
-734.897319 -277.413395 4351.874961
0.000000 0.000000 0.000000 82.685056
0.000000 0.000000 0.000000 0.710094
-0.000000 0.000000 -0.000000 82.685963
RESULTSET_END
RESULTSET_BEGIN
92224 1 1 1
0.000000 820907.441975 81016.206531
0.000000 0.000000 0.000000
0.000000 0.000000 0.000000
0.000000 0.000000 0.000000
486254.920663 18916.524489 18260.691648
18916.524489 461173.321132 2850.021595
18260.691648 2850.021595 492803.098185
0.000000 0.000000 0.000000 0.000000
-0.000000 0.000000 -0.000000 82.685963
-0.000000 0.000000 -0.000000 82.685963
RESULTSET_END
RESULTSET_BEGIN
92224 0 0 0
0.000000 0.000000 0.000000
481236.696125 18740.953685 18995.588966
18740.953685 458135.700009 3127.434990
18995.588966 3127.434990 488451.223224
0.000000 0.000000 0.000000
0.000000 0.000000 0.000000
0.000000 0.000000 0.000000
0.000000 0.000000 0.000000 82.685056
0.000000 0.000000 0.000000 0.000000
0.000000 0.000000 0.000000 82.685056
RESULTSET_END
RESULTSET_BEGIN
92224 0 1 0
0.000000 0.000000 0.000000
481236.696125 18740.953685 18995.588966
